
Totally 550 examples, 50 are labeled.
0	#0	408 241 609 908 
1	#0	482 221 601 709 
2	#0	528 123 611 709 
3	#0	493 0 611 771 
4	#0	504 277 610 784 
5	#1	420 314 604 716 
6	#1	353 9 611 824 
7	#1	578 163 588 709 
8	#1	381 18 604 865 
9	#1	554 224 601 709 
10	#0	586 0 614 677 
11	#0	560 107 593 668 
12	#1	454 313 604 709 
13	#0	386 119 598 771 
14	#1	494 142 604 771 
15	#0	451 110 602 724 
16	#1	479 197 604 671 
17	#1	471 149 604 819 
18	#0	534 320 601 859 
19	#0	574 107 600 881 
20	#0	397 202 611 784 
21	#0	438 103 595 836 
22	#0	583 278 598 860 
23	#0	582 0 601 773 
24	#1	521 225 599 822 
25	#1	445 182 599 709 
26	#1	430 16 604 639 
27	#0	530 0 611 755 
28	#1	542 162 604 750 
29	#0	364 277 594 812 
30	#1	454 68 594 833 
31	#0	351 218 601 652 
32	#1	438 274 604 843 
33	#0	437 41 601 709 
34	#1	471 105 607 772 
35	#0	355 199 601 908 
36	#1	437 27 604 639 
37	#0	582 222 601 883 
38	#0	457 198 599 877 
39	#0	377 239 598 864 
40	#1	578 58 604 813 
41	#1	549 34 601 629 
42	#1	407 11 604 760 
43	#1	406 236 604 709 
44	#0	537 206 601 709 
45	#1	496 4 601 741 
46	#1	454 52 604 709 
47	#0	545 0 611 771 
48	#0	582 0 600 796 
49	#0	524 114 611 709 
50	 0	586 0 614 677 	C0=30.0	C1=30.0
51	 0	560 107 593 668 	C0=30.0	C1=30.0
52	 1	454 313 604 709 	C0=30.0	C1=30.0
53	 0	386 119 598 771 	C0=30.0	C1=30.0
54	 1	494 142 604 771 	C0=30.0	C1=30.0
55	 0	451 110 602 724 	C0=30.0	C1=30.0
56	 1	479 197 604 671 	C0=30.0	C1=30.0
57	 1	471 149 604 819 	C0=30.0	C1=30.0
58	 0	534 320 601 859 	C0=30.0	C1=30.0
59	 0	574 107 600 881 	C0=30.0	C1=30.0
60	 0	397 202 611 784 	C0=30.0	C1=30.0
61	 0	438 103 595 836 	C0=30.0	C1=30.0
62	 0	583 278 598 860 	C0=30.0	C1=30.0
63	 0	582 0 601 773 	C0=30.0	C1=30.0
64	 1	521 225 599 822 	C0=30.0	C1=30.0
65	 1	445 182 599 709 	C0=30.0	C1=30.0
66	 1	430 16 604 639 	C0=30.0	C1=30.0
67	 0	530 0 611 755 	C0=30.0	C1=30.0
68	 1	542 162 604 750 	C0=30.0	C1=30.0
69	 0	364 277 594 812 	C0=30.0	C1=30.0
70	 1	454 68 594 833 	C0=30.0	C1=30.0
71	 0	351 218 601 652 	C0=30.0	C1=30.0
72	 1	438 274 604 843 	C0=30.0	C1=30.0
73	 0	437 41 601 709 	C0=30.0	C1=30.0
74	 1	471 105 607 772 	C0=30.0	C1=30.0
75	 0	355 199 601 908 	C0=30.0	C1=30.0
76	 1	437 27 604 639 	C0=30.0	C1=30.0
77	 0	582 222 601 883 	C0=30.0	C1=30.0
78	 0	457 198 599 877 	C0=30.0	C1=30.0
79	 0	377 239 598 864 	C0=30.0	C1=30.0
80	 1	578 58 604 813 	C0=30.0	C1=30.0
81	 1	549 34 601 629 	C0=30.0	C1=30.0
82	 1	407 11 604 760 	C0=30.0	C1=30.0
83	 1	406 236 604 709 	C0=30.0	C1=30.0
84	 0	537 206 601 709 	C0=30.0	C1=30.0
85	 1	496 4 601 741 	C0=30.0	C1=30.0
86	 1	454 52 604 709 	C0=30.0	C1=30.0
87	 0	545 0 611 771 	C0=30.0	C1=30.0
88	 0	582 0 600 796 	C0=30.0	C1=30.0
89	 0	524 114 611 709 	C0=30.0	C1=30.0
90	 1	430 107 604 709 	C0=30.0	C1=30.0
91	 0	513 182 598 657 	C0=30.0	C1=30.0
92	 0	440 106 605 893 	C0=30.0	C1=30.0
93	 0	455 291 611 709 	C0=30.0	C1=30.0
94	 1	454 0 611 616 	C0=30.0	C1=30.0
95	 0	352 209 601 709 	C0=30.0	C1=30.0
96	 1	562 11 604 695 	C0=30.0	C1=30.0
97	 0	428 129 592 876 	C0=30.0	C1=30.0
98	 0	540 147 607 842 	C0=30.0	C1=30.0
99	 1	454 290 601 670 	C0=30.0	C1=30.0
100	 1	582 195 604 900 	C0=30.0	C1=30.0
101	 0	578 202 594 844 	C0=30.0	C1=30.0
102	 1	453 94 587 712 	C0=30.0	C1=30.0
103	 1	386 0 611 616 	C0=30.0	C1=30.0
104	 0	440 106 605 795 	C0=30.0	C1=30.0
105	 1	384 237 599 818 	C0=30.0	C1=30.0
106	 0	441 324 614 787 	C0=30.0	C1=30.0
107	 1	342 154 604 816 	C0=30.0	C1=30.0
108	 1	377 266 604 867 	C0=30.0	C1=30.0
109	 1	454 63 604 709 	C0=30.0	C1=30.0
110	 0	495 256 602 829 	C0=30.0	C1=30.0
111	 1	423 45 601 652 	C0=30.0	C1=30.0
112	 1	371 177 601 709 	C0=30.0	C1=30.0
113	 1	454 13 604 709 	C0=30.0	C1=30.0
114	 0	578 202 601 709 	C0=30.0	C1=30.0
115	 1	504 326 604 844 	C0=30.0	C1=30.0
116	 1	504 42 601 709 	C0=30.0	C1=30.0
117	 1	429 277 604 630 	C0=30.0	C1=30.0
118	 0	369 188 611 709 	C0=30.0	C1=30.0
119	 0	529 0 611 616 	C0=30.0	C1=30.0
120	 1	556 146 600 681 	C0=30.0	C1=30.0
121	 0	363 289 611 764 	C0=30.0	C1=30.0
122	 1	427 5 611 817 	C0=30.0	C1=30.0
123	 0	344 323 599 696 	C0=30.0	C1=30.0
124	 0	349 0 601 908 	C0=30.0	C1=30.0
125	 0	447 79 598 763 	C0=30.0	C1=30.0
126	 0	375 207 614 709 	C0=30.0	C1=30.0
127	 1	499 0 604 809 	C0=30.0	C1=30.0
128	 1	578 158 604 630 	C0=30.0	C1=30.0
129	 0	364 291 601 764 	C0=30.0	C1=30.0
130	 0	562 328 599 814 	C0=30.0	C1=30.0
131	 0	509 195 611 771 	C0=30.0	C1=30.0
132	 1	427 81 604 622 	C0=30.0	C1=30.0
133	 0	438 233 601 857 	C0=30.0	C1=30.0
134	 0	347 7 601 788 	C0=30.0	C1=30.0
135	 0	487 121 599 616 	C0=30.0	C1=30.0
136	 1	540 150 601 859 	C0=30.0	C1=30.0
137	 1	578 196 598 709 	C0=30.0	C1=30.0
138	 0	422 250 614 709 	C0=30.0	C1=30.0
139	 0	364 238 599 877 	C0=30.0	C1=30.0
140	 1	484 294 605 834 	C0=30.0	C1=30.0
141	 1	455 182 601 688 	C0=30.0	C1=30.0
142	 1	417 15 604 756 	C0=30.0	C1=30.0
143	 1	454 65 604 769 	C0=30.0	C1=30.0
144	 1	454 303 604 907 	C0=30.0	C1=30.0
145	 0	513 32 601 902 	C0=30.0	C1=30.0
146	 1	502 182 601 725 	C0=30.0	C1=30.0
147	 0	545 202 611 784 	C0=30.0	C1=30.0
148	 1	350 141 604 776 	C0=30.0	C1=30.0
149	 1	439 0 604 783 	C0=30.0	C1=30.0
150	 1	513 182 604 783 	C0=30.0	C1=30.0
151	 0	520 286 611 616 	C0=30.0	C1=30.0
152	 1	438 53 601 704 	C0=30.0	C1=30.0
153	 1	459 282 604 645 	C0=30.0	C1=30.0
154	 0	578 2 600 742 	C0=30.0	C1=30.0
155	 1	460 250 604 709 	C0=30.0	C1=30.0
156	 1	576 6 594 635 	C0=30.0	C1=30.0
157	 0	509 164 611 775 	C0=30.0	C1=30.0
158	 0	546 272 611 821 	C0=30.0	C1=30.0
159	 1	372 159 604 748 	C0=30.0	C1=30.0
160	 0	429 148 615 713 	C0=30.0	C1=30.0
161	 1	475 134 600 715 	C0=30.0	C1=30.0
162	 0	487 227 599 668 	C0=30.0	C1=30.0
163	 0	538 178 611 709 	C0=30.0	C1=30.0
164	 1	438 142 604 771 	C0=30.0	C1=30.0
165	 0	520 267 611 737 	C0=30.0	C1=30.0
166	 0	447 0 597 908 	C0=30.0	C1=30.0
167	 0	435 312 614 846 	C0=30.0	C1=30.0
168	 1	454 40 601 709 	C0=30.0	C1=30.0
169	 0	412 43 611 660 	C0=30.0	C1=30.0
170	 0	509 0 601 907 	C0=30.0	C1=30.0
171	 1	465 257 605 675 	C0=30.0	C1=30.0
172	 0	364 291 601 847 	C0=30.0	C1=30.0
173	 1	437 59 611 832 	C0=30.0	C1=30.0
174	 0	421 202 611 784 	C0=30.0	C1=30.0
175	 1	340 20 604 876 	C0=30.0	C1=30.0
176	 0	451 185 601 709 	C0=30.0	C1=30.0
177	 1	419 69 601 764 	C0=30.0	C1=30.0
178	 1	578 125 604 771 	C0=30.0	C1=30.0
179	 1	505 266 604 668 	C0=30.0	C1=30.0
180	 1	430 156 607 855 	C0=30.0	C1=30.0
181	 0	364 73 600 759 	C0=30.0	C1=30.0
182	 0	410 107 600 624 	C0=30.0	C1=30.0
183	 0	342 44 594 812 	C0=30.0	C1=30.0
184	 0	531 181 590 709 	C0=30.0	C1=30.0
185	 1	541 21 599 781 	C0=30.0	C1=30.0
186	 1	337 217 604 710 	C0=30.0	C1=30.0
187	 1	454 71 604 623 	C0=30.0	C1=30.0
188	 0	368 144 615 866 	C0=30.0	C1=30.0
189	 1	342 187 601 661 	C0=30.0	C1=30.0
190	 1	520 248 605 761 	C0=30.0	C1=30.0
191	 0	564 22 599 893 	C0=30.0	C1=30.0
192	 1	454 109 604 793 	C0=30.0	C1=30.0
193	 1	404 97 597 709 	C0=30.0	C1=30.0
194	 0	376 233 614 711 	C0=30.0	C1=30.0
195	 0	519 18 601 709 	C0=30.0	C1=30.0
196	 1	348 285 604 875 	C0=30.0	C1=30.0
197	 0	373 0 601 709 	C0=30.0	C1=30.0
198	 1	438 255 604 771 	C0=30.0	C1=30.0
199	 1	454 38 599 701 	C0=30.0	C1=30.0
200	 0	387 60 589 781 	C0=30.0	C1=30.0
201	 1	418 62 587 678 	C0=30.0	C1=30.0
202	 1	537 183 604 817 	C0=30.0	C1=30.0
203	 1	477 282 604 650 	C0=30.0	C1=30.0
204	 1	454 208 604 814 	C0=30.0	C1=30.0
205	 0	573 131 594 905 	C0=30.0	C1=30.0
206	 1	378 326 604 897 	C0=30.0	C1=30.0
207	 1	445 189 601 667 	C0=30.0	C1=30.0
208	 0	438 245 599 907 	C0=30.0	C1=30.0
209	 1	583 228 593 709 	C0=30.0	C1=30.0
210	 1	445 266 604 744 	C0=30.0	C1=30.0
211	 1	561 64 604 709 	C0=30.0	C1=30.0
212	 1	454 150 601 737 	C0=30.0	C1=30.0
213	 0	506 227 601 909 	C0=30.0	C1=30.0
214	 1	487 214 604 728 	C0=30.0	C1=30.0
215	 1	580 107 604 804 	C0=30.0	C1=30.0
216	 0	393 305 614 709 	C0=30.0	C1=30.0
217	 1	543 281 604 730 	C0=30.0	C1=30.0
218	 1	516 125 604 907 	C0=30.0	C1=30.0
219	 0	530 212 611 793 	C0=30.0	C1=30.0
220	 1	337 182 604 666 	C0=30.0	C1=30.0
221	 0	552 273 601 709 	C0=30.0	C1=30.0
222	 1	369 202 601 638 	C0=30.0	C1=30.0
223	 1	430 209 614 726 	C0=30.0	C1=30.0
224	 1	550 269 599 648 	C0=30.0	C1=30.0
225	 1	430 116 599 774 	C0=30.0	C1=30.0
226	 0	553 230 591 875 	C0=30.0	C1=30.0
227	 0	364 291 599 653 	C0=30.0	C1=30.0
228	 1	390 172 599 858 	C0=30.0	C1=30.0
229	 1	333 260 600 791 	C0=30.0	C1=30.0
230	 1	503 34 601 734 	C0=30.0	C1=30.0
231	 1	521 215 599 907 	C0=30.0	C1=30.0
232	 1	535 247 600 856 	C0=30.0	C1=30.0
233	 0	577 89 599 907 	C0=30.0	C1=30.0
234	 1	526 233 604 654 	C0=30.0	C1=30.0
235	 0	458 155 603 649 	C0=30.0	C1=30.0
236	 1	364 0 604 709 	C0=30.0	C1=30.0
237	 1	383 223 604 807 	C0=30.0	C1=30.0
238	 1	481 264 604 808 	C0=30.0	C1=30.0
239	 0	500 198 611 709 	C0=30.0	C1=30.0
240	 1	555 254 605 673 	C0=30.0	C1=30.0
241	 1	509 286 601 668 	C0=30.0	C1=30.0
242	 0	571 145 611 664 	C0=30.0	C1=30.0
243	 1	454 219 604 777 	C0=30.0	C1=30.0
244	 1	496 233 604 639 	C0=30.0	C1=30.0
245	 1	537 286 601 709 	C0=30.0	C1=30.0
246	 1	381 151 604 861 	C0=30.0	C1=30.0
247	 1	508 140 604 628 	C0=30.0	C1=30.0
248	 1	339 211 604 699 	C0=30.0	C1=30.0
249	 1	575 134 601 687 	C0=30.0	C1=30.0
250	 0	365 136 601 779 	C0=30.0	C1=30.0
251	 0	563 332 587 634 	C0=30.0	C1=30.0
252	 1	466 279 604 874 	C0=30.0	C1=30.0
253	 0	460 56 600 782 	C0=30.0	C1=30.0
254	 1	399 307 604 639 	C0=30.0	C1=30.0
255	 0	361 124 601 625 	C0=30.0	C1=30.0
256	 1	559 108 602 709 	C0=30.0	C1=30.0
257	 0	429 260 600 762 	C0=30.0	C1=30.0
258	 0	530 0 601 823 	C0=30.0	C1=30.0
259	 1	401 120 604 806 	C0=30.0	C1=30.0
260	 1	508 106 604 709 	C0=30.0	C1=30.0
261	 0	527 311 599 891 	C0=30.0	C1=30.0
262	 1	476 252 599 801 	C0=30.0	C1=30.0
263	 1	454 192 611 794 	C0=30.0	C1=30.0
264	 0	442 240 601 743 	C0=30.0	C1=30.0
265	 0	466 308 614 753 	C0=30.0	C1=30.0
266	 1	468 241 605 639 	C0=30.0	C1=30.0
267	 0	578 48 601 684 	C0=30.0	C1=30.0
268	 0	562 90 600 904 	C0=30.0	C1=30.0
269	 1	396 241 605 727 	C0=30.0	C1=30.0
270	 1	494 233 604 731 	C0=30.0	C1=30.0
271	 1	501 107 604 709 	C0=30.0	C1=30.0
272	 0	487 121 599 886 	C0=30.0	C1=30.0
273	 0	575 47 602 873 	C0=30.0	C1=30.0
274	 1	347 104 599 839 	C0=30.0	C1=30.0
275	 0	578 86 604 709 	C0=30.0	C1=30.0
276	 1	336 10 604 632 	C0=30.0	C1=30.0
277	 1	392 318 604 638 	C0=30.0	C1=30.0
278	 1	403 275 601 705 	C0=30.0	C1=30.0
279	 1	522 196 598 617 	C0=30.0	C1=30.0
280	 1	425 284 604 674 	C0=30.0	C1=30.0
281	 1	578 117 604 875 	C0=30.0	C1=30.0
282	 1	490 200 594 784 	C0=30.0	C1=30.0
283	 1	351 149 604 837 	C0=30.0	C1=30.0
284	 1	486 286 601 709 	C0=30.0	C1=30.0
285	 0	376 233 614 711 	C0=30.0	C1=30.0
286	 0	440 78 598 676 	C0=30.0	C1=30.0
287	 1	480 158 604 620 	C0=30.0	C1=30.0
288	 1	454 198 604 817 	C0=30.0	C1=30.0
289	 1	438 167 604 771 	C0=30.0	C1=30.0
290	 1	492 115 599 675 	C0=30.0	C1=30.0
291	 1	472 102 599 670 	C0=30.0	C1=30.0
292	 0	488 83 610 875 	C0=30.0	C1=30.0
293	 0	551 145 600 670 	C0=30.0	C1=30.0
294	 0	565 193 594 709 	C0=30.0	C1=30.0
295	 1	550 84 599 886 	C0=30.0	C1=30.0
296	 0	438 88 600 752 	C0=30.0	C1=30.0
297	 1	342 316 614 810 	C0=30.0	C1=30.0
298	 0	364 277 601 766 	C0=30.0	C1=30.0
299	 1	453 266 604 859 	C0=30.0	C1=30.0
300	 1	526 167 601 907 	C0=30.0	C1=30.0
301	 1	581 314 604 838 	C0=30.0	C1=30.0
302	 1	447 140 604 619 	C0=30.0	C1=30.0
303	 1	536 3 604 811 	C0=30.0	C1=30.0
304	 0	406 93 610 709 	C0=30.0	C1=30.0
305	 1	515 299 604 792 	C0=30.0	C1=30.0
306	 1	473 191 594 727 	C0=30.0	C1=30.0
307	 0	530 0 601 720 	C0=30.0	C1=30.0
308	 1	445 125 599 815 	C0=30.0	C1=30.0
309	 0	480 83 601 709 	C0=30.0	C1=30.0
310	 0	578 176 594 784 	C0=30.0	C1=30.0
311	 1	388 5 611 878 	C0=30.0	C1=30.0
312	 0	486 286 601 668 	C0=30.0	C1=30.0
313	 1	537 30 604 859 	C0=30.0	C1=30.0
314	 1	402 282 604 814 	C0=30.0	C1=30.0
315	 0	382 29 602 869 	C0=30.0	C1=30.0
316	 1	351 303 601 714 	C0=30.0	C1=30.0
317	 0	507 68 601 896 	C0=30.0	C1=30.0
318	 1	442 0 604 709 	C0=30.0	C1=30.0
319	 1	578 226 604 892 	C0=30.0	C1=30.0
320	 0	461 234 610 764 	C0=30.0	C1=30.0
321	 1	349 0 604 890 	C0=30.0	C1=30.0
322	 0	469 310 588 680 	C0=30.0	C1=30.0
323	 0	548 208 605 642 	C0=30.0	C1=30.0
324	 1	534 205 604 659 	C0=30.0	C1=30.0
325	 1	437 331 604 616 	C0=30.0	C1=30.0
326	 0	515 196 611 845 	C0=30.0	C1=30.0
327	 0	364 291 594 694 	C0=30.0	C1=30.0
328	 0	532 280 601 840 	C0=30.0	C1=30.0
329	 0	411 309 610 727 	C0=30.0	C1=30.0
330	 0	338 203 598 908 	C0=30.0	C1=30.0
331	 0	450 210 600 646 	C0=30.0	C1=30.0
332	 1	535 238 600 758 	C0=30.0	C1=30.0
333	 1	439 54 604 709 	C0=30.0	C1=30.0
334	 0	392 139 599 631 	C0=30.0	C1=30.0
335	 1	405 295 604 800 	C0=30.0	C1=30.0
336	 1	384 232 604 754 	C0=30.0	C1=30.0
337	 1	426 76 604 709 	C0=30.0	C1=30.0
338	 1	439 195 604 717 	C0=30.0	C1=30.0
339	 1	369 302 604 656 	C0=30.0	C1=30.0
340	 0	578 202 601 908 	C0=30.0	C1=30.0
341	 1	345 268 601 798 	C0=30.0	C1=30.0
342	 0	438 169 614 848 	C0=30.0	C1=30.0
343	 1	416 71 587 898 	C0=30.0	C1=30.0
344	 1	445 107 601 709 	C0=30.0	C1=30.0
345	 1	347 87 601 818 	C0=30.0	C1=30.0
346	 0	494 194 594 798 	C0=30.0	C1=30.0
347	 0	579 126 606 733 	C0=30.0	C1=30.0
348	 1	498 72 604 807 	C0=30.0	C1=30.0
349	 1	520 314 604 841 	C0=30.0	C1=30.0
350	 0	366 107 600 727 	C0=30.0	C1=30.0
351	 1	384 195 604 698 	C0=30.0	C1=30.0
352	 0	381 196 594 767 	C0=30.0	C1=30.0
353	 0	526 104 604 771 	C0=30.0	C1=30.0
354	 0	440 266 612 672 	C0=30.0	C1=30.0
355	 1	454 258 604 626 	C0=30.0	C1=30.0
356	 0	570 61 602 637 	C0=30.0	C1=30.0
357	 0	490 234 605 881 	C0=30.0	C1=30.0
358	 0	487 227 599 668 	C0=30.0	C1=30.0
359	 0	438 142 605 831 	C0=30.0	C1=30.0
360	 0	526 190 600 771 	C0=30.0	C1=30.0
361	 0	565 193 594 619 	C0=30.0	C1=30.0
362	 1	572 66 601 709 	C0=30.0	C1=30.0
363	 0	370 80 614 854 	C0=30.0	C1=30.0
364	 0	491 1 601 723 	C0=30.0	C1=30.0
365	 0	526 261 601 774 	C0=30.0	C1=30.0
366	 1	454 201 599 668 	C0=30.0	C1=30.0
367	 0	451 170 613 907 	C0=30.0	C1=30.0
368	 0	472 23 615 627 	C0=30.0	C1=30.0
369	 0	578 227 594 875 	C0=30.0	C1=30.0
370	 1	537 286 601 709 	C0=30.0	C1=30.0
371	 0	367 153 588 805 	C0=30.0	C1=30.0
372	 0	480 0 610 781 	C0=30.0	C1=30.0
373	 1	377 196 604 844 	C0=30.0	C1=30.0
374	 0	417 262 611 842 	C0=30.0	C1=30.0
375	 1	351 198 604 821 	C0=30.0	C1=30.0
376	 0	507 271 605 641 	C0=30.0	C1=30.0
377	 0	359 287 591 739 	C0=30.0	C1=30.0
378	 1	379 84 604 868 	C0=30.0	C1=30.0
379	 0	380 25 605 721 	C0=30.0	C1=30.0
380	 0	364 171 594 826 	C0=30.0	C1=30.0
381	 0	470 182 600 722 	C0=30.0	C1=30.0
382	 1	443 55 604 690 	C0=30.0	C1=30.0
383	 0	507 51 599 836 	C0=30.0	C1=30.0
384	 0	518 229 611 738 	C0=30.0	C1=30.0
385	 0	360 263 600 658 	C0=30.0	C1=30.0
386	 1	430 35 604 850 	C0=30.0	C1=30.0
387	 0	409 216 598 719 	C0=30.0	C1=30.0
388	 0	558 24 614 901 	C0=30.0	C1=30.0
389	 1	354 198 604 803 	C0=30.0	C1=30.0
390	 1	434 179 594 655 	C0=30.0	C1=30.0
391	 0	454 198 601 872 	C0=30.0	C1=30.0
392	 0	557 12 599 868 	C0=30.0	C1=30.0
393	 0	427 297 600 790 	C0=30.0	C1=30.0
394	 0	507 39 601 799 	C0=30.0	C1=30.0
395	 1	487 225 599 844 	C0=30.0	C1=30.0
396	 1	494 103 601 818 	C0=30.0	C1=30.0
397	 0	427 202 611 784 	C0=30.0	C1=30.0
398	 0	368 292 600 751 	C0=30.0	C1=30.0
399	 1	406 140 604 812 	C0=30.0	C1=30.0
400	 0	421 50 601 709 	C0=30.0	C1=30.0
401	 1	510 246 604 764 	C0=30.0	C1=30.0
402	 0	421 0 600 880 	C0=30.0	C1=30.0
403	 0	539 165 599 709 	C0=30.0	C1=30.0
404	 0	488 112 596 828 	C0=30.0	C1=30.0
405	 0	538 253 611 709 	C0=30.0	C1=30.0
406	 0	338 182 611 668 	C0=30.0	C1=30.0
407	 0	343 15 599 718 	C0=30.0	C1=30.0
408	 1	526 146 611 707 	C0=30.0	C1=30.0
409	 0	526 242 599 774 	C0=30.0	C1=30.0
410	 1	351 0 608 862 	C0=30.0	C1=30.0
411	 1	578 180 604 709 	C0=30.0	C1=30.0
412	 0	582 180 601 709 	C0=30.0	C1=30.0
413	 1	359 286 601 709 	C0=30.0	C1=30.0
414	 1	364 130 604 709 	C0=30.0	C1=30.0
415	 1	485 168 604 870 	C0=30.0	C1=30.0
416	 0	569 101 602 853 	C0=30.0	C1=30.0
417	 1	365 297 599 786 	C0=30.0	C1=30.0
418	 0	362 43 611 679 	C0=30.0	C1=30.0
419	 1	472 249 587 689 	C0=30.0	C1=30.0
420	 0	517 18 600 863 	C0=30.0	C1=30.0
421	 1	568 138 604 859 	C0=30.0	C1=30.0
422	 0	422 160 589 709 	C0=30.0	C1=30.0
423	 1	357 293 614 626 	C0=30.0	C1=30.0
424	 1	578 226 604 895 	C0=30.0	C1=30.0
425	 1	454 313 604 709 	C0=30.0	C1=30.0
426	 0	513 98 596 770 	C0=30.0	C1=30.0
427	 0	567 143 599 709 	C0=30.0	C1=30.0
428	 1	398 265 604 765 	C0=30.0	C1=30.0
429	 1	512 317 604 702 	C0=30.0	C1=30.0
430	 0	578 197 613 709 	C0=30.0	C1=30.0
431	 0	585 325 601 709 	C0=30.0	C1=30.0
432	 0	413 177 601 736 	C0=30.0	C1=30.0
433	 1	452 95 601 745 	C0=30.0	C1=30.0
434	 1	364 243 605 859 	C0=30.0	C1=30.0
435	 1	433 0 604 749 	C0=30.0	C1=30.0
436	 1	351 73 601 906 	C0=30.0	C1=30.0
437	 1	431 175 600 709 	C0=30.0	C1=30.0
438	 1	415 91 604 706 	C0=30.0	C1=30.0
439	 0	533 304 602 835 	C0=30.0	C1=30.0
440	 1	578 174 604 700 	C0=30.0	C1=30.0
441	 1	489 152 601 903 	C0=30.0	C1=30.0
442	 1	470 298 604 849 	C0=30.0	C1=30.0
443	 1	456 37 604 668 	C0=30.0	C1=30.0
444	 0	374 330 594 784 	C0=30.0	C1=30.0
445	 0	385 215 611 747 	C0=30.0	C1=30.0
446	 1	488 274 604 873 	C0=30.0	C1=30.0
447	 1	525 160 607 894 	C0=30.0	C1=30.0
448	 0	480 57 611 768 	C0=30.0	C1=30.0
449	 1	470 33 599 675 	C0=30.0	C1=30.0
450	 1	351 36 611 643 	C0=30.0	C1=30.0
451	 1	442 173 601 709 	C0=30.0	C1=30.0
452	 1	362 195 604 841 	C0=30.0	C1=30.0
453	 1	342 70 604 893 	C0=30.0	C1=30.0
454	 0	514 28 599 885 	C0=30.0	C1=30.0
455	 1	497 88 599 732 	C0=30.0	C1=30.0
456	 1	342 319 604 887 	C0=30.0	C1=30.0
457	 1	334 321 599 709 	C0=30.0	C1=30.0
458	 1	480 331 604 806 	C0=30.0	C1=30.0
459	 1	381 92 601 902 	C0=30.0	C1=30.0
460	 0	474 8 614 871 	C0=30.0	C1=30.0
461	 1	346 327 604 635 	C0=30.0	C1=30.0
462	 1	437 306 611 643 	C0=30.0	C1=30.0
463	 0	432 133 601 764 	C0=30.0	C1=30.0
464	 0	472 186 614 781 	C0=30.0	C1=30.0
465	 0	544 46 611 709 	C0=30.0	C1=30.0
466	 1	342 74 604 669 	C0=30.0	C1=30.0
467	 0	449 96 594 785 	C0=30.0	C1=30.0
468	 1	429 234 587 825 	C0=30.0	C1=30.0
469	 1	559 137 604 827 	C0=30.0	C1=30.0
470	 0	406 107 601 691 	C0=30.0	C1=30.0
471	 0	483 300 601 709 	C0=30.0	C1=30.0
472	 0	430 99 611 709 	C0=30.0	C1=30.0
473	 1	437 166 605 683 	C0=30.0	C1=30.0
474	 0	441 82 605 852 	C0=30.0	C1=30.0
475	 1	358 77 604 621 	C0=30.0	C1=30.0
476	 1	537 286 601 892 	C0=30.0	C1=30.0
477	 0	454 128 601 797 	C0=30.0	C1=30.0
478	 1	342 317 604 709 	C0=30.0	C1=30.0
479	 1	342 17 594 703 	C0=30.0	C1=30.0
480	 0	421 202 611 784 	C0=30.0	C1=30.0
481	 1	535 270 601 709 	C0=30.0	C1=30.0
482	 0	532 111 601 662 	C0=30.0	C1=30.0
483	 0	461 107 605 784 	C0=30.0	C1=30.0
484	 0	335 127 600 647 	C0=30.0	C1=30.0
485	 0	404 107 614 633 	C0=30.0	C1=30.0
486	 1	526 104 604 771 	C0=30.0	C1=30.0
487	 0	461 107 605 678 	C0=30.0	C1=30.0
488	 0	568 43 611 727 	C0=30.0	C1=30.0
489	 1	395 118 602 709 	C0=30.0	C1=30.0
490	 0	539 202 593 685 	C0=30.0	C1=30.0
491	 1	430 75 604 668 	C0=30.0	C1=30.0
492	 1	400 184 604 879 	C0=30.0	C1=30.0
493	 1	433 196 600 709 	C0=30.0	C1=30.0
494	 0	472 93 611 778 	C0=30.0	C1=30.0
495	 1	391 113 604 651 	C0=30.0	C1=30.0
496	 0	424 135 611 782 	C0=30.0	C1=30.0
497	 1	356 196 599 622 	C0=30.0	C1=30.0
498	 1	361 277 604 859 	C0=30.0	C1=30.0
499	 0	440 140 605 789 	C0=30.0	C1=30.0
500	 1	562 86 605 889 	C0=30.0	C1=30.0
501	 1	569 315 604 688 	C0=30.0	C1=30.0
502	 1	521 283 604 851 	C0=30.0	C1=30.0
503	 1	436 26 604 784 	C0=30.0	C1=30.0
504	 0	368 122 601 884 	C0=30.0	C1=30.0
505	 1	511 251 599 618 	C0=30.0	C1=30.0
506	 0	464 14 601 709 	C0=30.0	C1=30.0
507	 0	440 197 601 676 	C0=30.0	C1=30.0
508	 1	546 0 604 830 	C0=30.0	C1=30.0
509	 1	535 85 612 757 	C0=30.0	C1=30.0
510	 1	537 18 604 674 	C0=30.0	C1=30.0
511	 0	537 286 601 908 	C0=30.0	C1=30.0
512	 0	462 107 614 746 	C0=30.0	C1=30.0
513	 0	467 202 605 899 	C0=30.0	C1=30.0
514	 0	470 235 599 908 	C0=30.0	C1=30.0
515	 0	566 55 611 795 	C0=30.0	C1=30.0
516	 1	454 157 599 636 	C0=30.0	C1=30.0
517	 0	444 288 605 802 	C0=30.0	C1=30.0
518	 1	562 220 604 644 	C0=30.0	C1=30.0
519	 1	414 322 601 780 	C0=30.0	C1=30.0
520	 0	513 196 600 709 	C0=30.0	C1=30.0
521	 0	390 107 601 784 	C0=30.0	C1=30.0
522	 0	584 132 605 629 	C0=30.0	C1=30.0
523	 0	389 213 600 665 	C0=30.0	C1=30.0
524	 1	448 296 604 682 	C0=30.0	C1=30.0
525	 1	547 329 601 663 	C0=30.0	C1=30.0
526	 1	406 49 604 729 	C0=30.0	C1=30.0
527	 0	455 244 605 859 	C0=30.0	C1=30.0
528	 1	394 259 604 709 	C0=30.0	C1=30.0
529	 0	478 231 594 709 	C0=30.0	C1=30.0
530	 0	446 19 602 692 	C0=30.0	C1=30.0
531	 1	445 282 594 709 	C0=30.0	C1=30.0
532	 0	417 31 602 882 	C0=30.0	C1=30.0
533	 0	487 182 605 881 	C0=30.0	C1=30.0
534	 0	513 276 600 709 	C0=30.0	C1=30.0
535	 1	581 208 604 820 	C0=30.0	C1=30.0
536	 1	426 67 604 693 	C0=30.0	C1=30.0
537	 1	383 0 604 686 	C0=30.0	C1=30.0
538	 0	509 286 601 709 	C0=30.0	C1=30.0
539	 1	457 204 614 888 	C0=30.0	C1=30.0
540	 0	578 226 612 709 	C0=30.0	C1=30.0
541	 1	523 161 604 709 	C0=30.0	C1=30.0
542	 1	463 107 604 709 	C0=30.0	C1=30.0
543	 1	341 154 604 844 	C0=30.0	C1=30.0
544	 0	398 265 602 640 	C0=30.0	C1=30.0
545	 1	482 100 611 735 	C0=30.0	C1=30.0
546	 1	342 301 599 740 	C0=30.0	C1=30.0
547	 0	509 227 614 697 	C0=30.0	C1=30.0
548	 0	406 107 601 709 	C0=30.0	C1=30.0
549	 1	445 211 600 708 	C0=30.0	C1=30.0

 Accuracy: 0.696
Class 0 has 27 labeled exmaples, Class 1 has 23 labeled exmaples, 

Totally 550 examples, 50 are labeled.
0	#0	408 241 609 908 
1	#0	482 221 601 709 
2	#0	528 123 611 709 
3	#0	493 0 611 771 
4	#0	504 277 610 784 
5	#1	420 314 604 716 
6	#1	353 9 611 824 
7	#1	578 163 588 709 
8	#1	381 18 604 865 
9	#1	554 224 601 709 
10	#0	586 0 614 677 
11	#0	560 107 593 668 
12	#1	454 313 604 709 
13	#0	386 119 598 771 
14	#1	494 142 604 771 
15	#0	451 110 602 724 
16	#1	479 197 604 671 
17	#1	471 149 604 819 
18	#0	534 320 601 859 
19	#0	574 107 600 881 
20	#0	397 202 611 784 
21	#0	438 103 595 836 
22	#0	583 278 598 860 
23	#0	582 0 601 773 
24	#1	521 225 599 822 
25	#1	445 182 599 709 
26	#1	430 16 604 639 
27	#0	530 0 611 755 
28	#1	542 162 604 750 
29	#0	364 277 594 812 
30	#1	454 68 594 833 
31	#0	351 218 601 652 
32	#1	438 274 604 843 
33	#0	437 41 601 709 
34	#1	471 105 607 772 
35	#0	355 199 601 908 
36	#1	437 27 604 639 
37	#0	582 222 601 883 
38	#0	457 198 599 877 
39	#0	377 239 598 864 
40	#1	578 58 604 813 
41	#1	549 34 601 629 
42	#1	407 11 604 760 
43	#1	406 236 604 709 
44	#0	537 206 601 709 
45	#1	496 4 601 741 
46	#1	454 52 604 709 
47	#0	545 0 611 771 
48	#0	582 0 600 796 
49	#0	524 114 611 709 
50	 0	586 0 614 677 	C0=10.409	C1=24.987
51	 0	560 107 593 668 	C0=10.664	C1=26.38
52	 1	454 313 604 709 	C0=24.382	C1=12.099
53	 0	386 119 598 771 	C0=5.161	C1=24.107
54	 1	494 142 604 771 	C0=20.342	C1=14.007
55	 0	451 110 602 724 	C0=3.974	C1=29.413
56	 1	479 197 604 671 	C0=28.85	C1=4.292
57	 1	471 149 604 819 	C0=28.19	C1=4.006
58	 0	534 320 601 859 	C0=5.472	C1=26.11
59	 0	574 107 600 881 	C0=8.148	C1=27.82
60	 0	397 202 611 784 	C0=7.212	C1=26.186
61	 0	438 103 595 836 	C0=9.609	C1=21.505
62	 0	583 278 598 860 	C0=4.213	C1=28.611
63	 0	582 0 601 773 	C0=5.239	C1=25.677
64	 1	521 225 599 822 	C0=26.846	C1=4.42
65	 1	445 182 599 709 	C0=23.529	C1=11.633
66	 1	430 16 604 639 	C0=27.1	C1=7.466
67	 0	530 0 611 755 	C0=9.931	C1=26.516
68	 1	542 162 604 750 	C0=28.314	C1=2.804
69	 0	364 277 594 812 	C0=14.35	C1=23.919
70	 1	454 68 594 833 	C0=24.394	C1=13.597
71	 0	351 218 601 652 	C0=4.58	C1=24.901
72	 1	438 274 604 843 	C0=21.401	C1=13.38
73	 0	437 41 601 709 	C0=5.679	C1=11.013
74	 1	471 105 607 772 	C0=29.373	C1=2.366
75	 0	355 199 601 908 	C0=3.102	C1=26.495
76	 1	437 27 604 639 	C0=11.327	C1=4.775
77	 0	582 222 601 883 	C0=2.915	C1=25.165
78	 0	457 198 599 877 	C0=9.735	C1=24.746
79	 0	377 239 598 864 	C0=2.696	C1=28.493
80	 1	578 58 604 813 	C0=27.444	C1=8.347
81	 1	549 34 601 629 	C0=22.509	C1=4.25
82	 1	407 11 604 760 	C0=28.393	C1=4.095
83	 1	406 236 604 709 	C0=24.372	C1=7.827
84	 0	537 206 601 709 	C0=8.137	C1=22.789
85	 1	496 4 601 741 	C0=21.811	C1=5.265
86	 1	454 52 604 709 	C0=24.746	C1=7.804
87	 0	545 0 611 771 	C0=9.25	C1=22.902
88	 0	582 0 600 796 	C0=5.68	C1=27.656
89	 0	524 114 611 709 	C0=3.941	C1=23.696
90	 1	430 107 604 709 	C0=21.084	C1=17.819
91	 0	513 182 598 657 	C0=15.628	C1=23.109
##92	 0	440 106 605 893 	C0=27.939	C1=27.498
93	 0	455 291 611 709 	C0=17.608	C1=23.709
94	 1	454 0 611 616 	C0=15.717	C1=20.941
95	 0	352 209 601 709 	C0=20.501	C1=22.91
96	 1	562 11 604 695 	C0=28.688	C1=14.749
##97	 0	428 129 592 876 	C0=29.497	C1=27.764
##98	 0	540 147 607 842 	C0=26.134	C1=17.787
99	 1	454 290 601 670 	C0=21.785	C1=20.335
##100	 1	582 195 604 900 	C0=7.664	C1=21.726
##101	 0	578 202 594 844 	C0=21.182	C1=21.165
##102	 1	453 94 587 712 	C0=28.803	C1=29.495
##103	 1	386 0 611 616 	C0=9.928	C1=25.771
104	 0	440 106 605 795 	C0=26.673	C1=27.851
105	 1	384 237 599 818 	C0=26.017	C1=24.976
106	 0	441 324 614 787 	C0=24.405	C1=29.407
107	 1	342 154 604 816 	C0=28.071	C1=22.11
##108	 1	377 266 604 867 	C0=7.967	C1=21.596
109	 1	454 63 604 709 	C0=24.671	C1=16.078
110	 0	495 256 602 829 	C0=22.186	C1=29.425
##111	 1	423 45 601 652 	C0=12.229	C1=25.6
##112	 1	371 177 601 709 	C0=19.415	C1=22.578
113	 1	454 13 604 709 	C0=23.992	C1=16.658
114	 0	578 202 601 709 	C0=18.349	C1=19.926
115	 1	504 326 604 844 	C0=14.697	C1=22.09
116	 1	504 42 601 709 	C0=12.967	C1=22.383
117	 1	429 277 604 630 	C0=17.23	C1=22.05
118	 0	369 188 611 709 	C0=18.078	C1=24.017
119	 0	529 0 611 616 	C0=13.662	C1=25.728
120	 1	556 146 600 681 	C0=22.458	C1=28.831
121	 0	363 289 611 764 	C0=19.453	C1=26.865
122	 1	427 5 611 817 	C0=19.469	C1=25.715
123	 0	344 323 599 696 	C0=26.826	C1=25.06
124	 0	349 0 601 908 	C0=11.482	C1=25.791
125	 0	447 79 598 763 	C0=13.139	C1=28.598
126	 0	375 207 614 709 	C0=21.745	C1=24.876
127	 1	499 0 604 809 	C0=17.069	C1=22.742
128	 1	578 158 604 630 	C0=27.225	C1=17.311
129	 0	364 291 601 764 	C0=18.697	C1=25.446
130	 0	562 328 599 814 	C0=27.299	C1=23.895
131	 0	509 195 611 771 	C0=15.852	C1=23.369
132	 1	427 81 604 622 	C0=26.688	C1=22.305
133	 0	438 233 601 857 	C0=18.518	C1=19.434
134	 0	347 7 601 788 	C0=21.651	C1=25.595
135	 0	487 121 599 616 	C0=25.002	C1=24.32
136	 1	540 150 601 859 	C0=18.809	C1=25.026
137	 1	578 196 598 709 	C0=15.465	C1=21.037
138	 0	422 250 614 709 	C0=22.832	C1=24.142
139	 0	364 238 599 877 	C0=14.405	C1=25.463
140	 1	484 294 605 834 	C0=28.623	C1=29.18
141	 1	455 182 601 688 	C0=23.435	C1=22.04
142	 1	417 15 604 756 	C0=27.713	C1=21.979
143	 1	454 65 604 769 	C0=27.315	C1=17.009
144	 1	454 303 604 907 	C0=25.998	C1=17.873
145	 0	513 32 601 902 	C0=22.174	C1=23.78
146	 1	502 182 601 725 	C0=22.204	C1=21.302
147	 0	545 202 611 784 	C0=10.374	C1=25.561
148	 1	350 141 604 776 	C0=28.352	C1=21.298
149	 1	439 0 604 783 	C0=20.905	C1=21.98
150	 1	513 182 604 783 	C0=26.581	C1=19.923
151	 0	520 286 611 616 	C0=19.061	C1=26.308
152	 1	438 53 601 704 	C0=17.703	C1=19.636
153	 1	459 282 604 645 	C0=28.802	C1=21.398
154	 0	578 2 600 742 	C0=22.804	C1=20.538
155	 1	460 250 604 709 	C0=25.11	C1=20.525
156	 1	576 6 594 635 	C0=25.624	C1=25.466
157	 0	509 164 611 775 	C0=18.211	C1=26.517
158	 0	546 272 611 821 	C0=20.439	C1=25.954
159	 1	372 159 604 748 	C0=28.253	C1=21.462
160	 0	429 148 615 713 	C0=27.313	C1=29.287
161	 1	475 134 600 715 	C0=22.994	C1=28.765
162	 0	487 227 599 668 	C0=22.329	C1=25.058
163	 0	538 178 611 709 	C0=17.547	C1=23.068
164	 1	438 142 604 771 	C0=17.242	C1=16.688
165	 0	520 267 611 737 	C0=19.435	C1=25.458
166	 0	447 0 597 908 	C0=13.406	C1=26.117
167	 0	435 312 614 846 	C0=24.989	C1=29.294
168	 1	454 40 601 709 	C0=19.647	C1=17.968
169	 0	412 43 611 660 	C0=19.661	C1=26.621
170	 0	509 0 601 907 	C0=16.971	C1=24.606
171	 1	465 257 605 675 	C0=28.022	C1=28.278
172	 0	364 291 601 847 	C0=17.669	C1=25.169
173	 1	437 59 611 832 	C0=7.734	C1=9.169
174	 0	421 202 611 784 	C0=13.994	C1=26.13
175	 1	340 20 604 876 	C0=28.717	C1=21.357
176	 0	451 185 601 709 	C0=6.95	C1=23.863
177	 1	419 69 601 764 	C0=21.346	C1=25.809
178	 1	578 125 604 771 	C0=20.674	C1=17.461
179	 1	505 266 604 668 	C0=22.209	C1=21.459
180	 1	430 156 607 855 	C0=28.48	C1=12.174
181	 0	364 73 600 759 	C0=18.564	C1=28.036
182	 0	410 107 600 624 	C0=18.651	C1=27.888
183	 0	342 44 594 812 	C0=23.749	C1=24.138
184	 0	531 181 590 709 	C0=24.118	C1=23.966
185	 1	541 21 599 781 	C0=26.051	C1=26.342
186	 1	337 217 604 710 	C0=28.483	C1=21.579
187	 1	454 71 604 623 	C0=27.443	C1=17.039
188	 0	368 144 615 866 	C0=29.512	C1=29.717
189	 1	342 187 601 661 	C0=22.153	C1=26.222
190	 1	520 248 605 761 	C0=27.205	C1=28.451
191	 0	564 22 599 893 	C0=26.996	C1=24.911
192	 1	454 109 604 793 	C0=24.622	C1=17.727
193	 1	404 97 597 709 	C0=23.126	C1=23.215
194	 0	376 233 614 711 	C0=24.92	C1=26.628
195	 0	519 18 601 709 	C0=20.804	C1=20.974
196	 1	348 285 604 875 	C0=28.014	C1=22.225
197	 0	373 0 601 709 	C0=14.283	C1=22.345
198	 1	438 255 604 771 	C0=16.724	C1=16.354
199	 1	454 38 599 701 	C0=26.108	C1=18.764
200	 0	387 60 589 781 	C0=27.003	C1=27.717
201	 1	418 62 587 678 	C0=29.203	C1=29.558
202	 1	537 183 604 817 	C0=21.271	C1=21.624
203	 1	477 282 604 650 	C0=28.608	C1=21.59
204	 1	454 208 604 814 	C0=27.815	C1=18.209
205	 0	573 131 594 905 	C0=24.601	C1=24.779
206	 1	378 326 604 897 	C0=25.009	C1=21.593
207	 1	445 189 601 667 	C0=22.011	C1=8.67
208	 0	438 245 599 907 	C0=20.638	C1=21.267
209	 1	583 228 593 709 	C0=11.941	C1=24.454
210	 1	445 266 604 744 	C0=26.736	C1=8.925
211	 1	561 64 604 709 	C0=24.463	C1=19.611
212	 1	454 150 601 737 	C0=21.791	C1=20.188
213	 0	506 227 601 909 	C0=21.89	C1=26.038
214	 1	487 214 604 728 	C0=27.598	C1=21.508
215	 1	580 107 604 804 	C0=20.412	C1=22.742
216	 0	393 305 614 709 	C0=22.407	C1=24.615
217	 1	543 281 604 730 	C0=28.82	C1=21.387
218	 1	516 125 604 907 	C0=25.526	C1=21.353
219	 0	530 212 611 793 	C0=13.114	C1=25.916
220	 1	337 182 604 666 	C0=27.532	C1=20.41
221	 0	552 273 601 709 	C0=19.939	C1=22.136
222	 1	369 202 601 638 	C0=19.113	C1=24.344
223	 1	430 209 614 726 	C0=23.993	C1=20.701
224	 1	550 269 599 648 	C0=26.269	C1=25.138
225	 1	430 116 599 774 	C0=25.231	C1=19.105
226	 0	553 230 591 875 	C0=28.955	C1=28.103
227	 0	364 291 599 653 	C0=20.209	C1=25.295
228	 1	390 172 599 858 	C0=25.653	C1=25.497
229	 1	333 260 600 791 	C0=23.102	C1=29.046
230	 1	503 34 601 734 	C0=21.895	C1=13.664
231	 1	521 215 599 907 	C0=25.046	C1=7.402
232	 1	535 247 600 856 	C0=22.585	C1=29.133
233	 0	577 89 599 907 	C0=24.721	C1=24.523
234	 1	526 233 604 654 	C0=26.55	C1=20.743
235	 0	458 155 603 649 	C0=30.0	C1=30.0
236	 1	364 0 604 709 	C0=15.997	C1=21.53
237	 1	383 223 604 807 	C0=28.553	C1=22.67
238	 1	481 264 604 808 	C0=28.688	C1=21.779
239	 0	500 198 611 709 	C0=14.107	C1=22.734
240	 1	555 254 605 673 	C0=28.541	C1=29.03
241	 1	509 286 601 668 	C0=18.46	C1=24.515
242	 0	571 145 611 664 	C0=19.166	C1=27.098
243	 1	454 219 604 777 	C0=27.973	C1=16.125
244	 1	496 233 604 639 	C0=26.708	C1=9.287
245	 1	537 286 601 709 	C0=16.978	C1=23.35
246	 1	381 151 604 861 	C0=28.204	C1=5.063
247	 1	508 140 604 628 	C0=27.963	C1=21.771
248	 1	339 211 604 699 	C0=28.039	C1=22.4
249	 1	575 134 601 687 	C0=22.248	C1=26.425
250	 0	365 136 601 779 	C0=22.107	C1=25.49
251	 0	563 332 587 634 	C0=29.791	C1=29.755
252	 1	466 279 604 874 	C0=28.541	C1=21.916
253	 0	460 56 600 782 	C0=22.262	C1=28.028
254	 1	399 307 604 639 	C0=27.104	C1=12.279
255	 0	361 124 601 625 	C0=20.944	C1=25.985
256	 1	559 108 602 709 	C0=21.417	C1=25.388
257	 0	429 260 600 762 	C0=21.852	C1=28.916
258	 0	530 0 601 823 	C0=10.416	C1=26.019
259	 1	401 120 604 806 	C0=28.45	C1=20.818
260	 1	508 106 604 709 	C0=25.067	C1=20.715
261	 0	527 311 599 891 	C0=27.129	C1=25.5
262	 1	476 252 599 801 	C0=27.21	C1=25.86
263	 1	454 192 611 794 	C0=18.99	C1=19.327
264	 0	442 240 601 743 	C0=20.763	C1=25.222
265	 0	466 308 614 753 	C0=24.56	C1=28.795
266	 1	468 241 605 639 	C0=14.781	C1=15.533
267	 0	578 48 601 684 	C0=21.247	C1=19.568
268	 0	562 90 600 904 	C0=23.404	C1=27.002
269	 1	396 241 605 727 	C0=15.084	C1=28.402
270	 1	494 233 604 731 	C0=26.343	C1=14.399
271	 1	501 107 604 709 	C0=19.61	C1=20.283
272	 0	487 121 599 886 	C0=25.903	C1=25.026
273	 0	575 47 602 873 	C0=22.632	C1=28.105
274	 1	347 104 599 839 	C0=26.515	C1=25.104
275	 0	578 86 604 709 	C0=25.364	C1=16.985
276	 1	336 10 604 632 	C0=28.81	C1=22.016
277	 1	392 318 604 638 	C0=28.416	C1=21.581
278	 1	403 275 601 705 	C0=22.391	C1=26.168
279	 1	522 196 598 617 	C0=16.134	C1=27.882
280	 1	425 284 604 674 	C0=27.596	C1=21.425
281	 1	578 117 604 875 	C0=27.181	C1=18.419
282	 1	490 200 594 784 	C0=18.482	C1=25.36
283	 1	351 149 604 837 	C0=9.543	C1=16.143
284	 1	486 286 601 709 	C0=20.023	C1=23.327
285	 0	376 233 614 711 	C0=25.09	C1=27.281
286	 0	440 78 598 676 	C0=15.068	C1=27.93
287	 1	480 158 604 620 	C0=27.379	C1=20.901
288	 1	454 198 604 817 	C0=21.404	C1=18.564
289	 1	438 167 604 771 	C0=17.153	C1=17.078
290	 1	492 115 599 675 	C0=27.029	C1=25.375
291	 1	472 102 599 670 	C0=25.933	C1=25.143
292	 0	488 83 610 875 	C0=20.069	C1=26.363
293	 0	551 145 600 670 	C0=23.288	C1=28.095
294	 0	565 193 594 709 	C0=23.167	C1=22.441
295	 1	550 84 599 886 	C0=26.843	C1=25.105
296	 0	438 88 600 752 	C0=18.456	C1=20.32
297	 1	342 316 614 810 	C0=24.387	C1=28.537
298	 0	364 277 601 766 	C0=12.749	C1=25.059
299	 1	453 266 604 859 	C0=22.284	C1=22.639
300	 1	526 167 601 907 	C0=20.887	C1=24.006
301	 1	581 314 604 838 	C0=28.523	C1=12.243
302	 1	447 140 604 619 	C0=26.167	C1=22.124
303	 1	536 3 604 811 	C0=28.561	C1=21.529
304	 0	406 93 610 709 	C0=18.176	C1=17.95
305	 1	515 299 604 792 	C0=28.343	C1=22.028
306	 1	473 191 594 727 	C0=24.04	C1=25.438
307	 0	530 0 601 720 	C0=10.829	C1=26.081
308	 1	445 125 599 815 	C0=26.351	C1=9.522
309	 0	480 83 601 709 	C0=20.051	C1=22.641
310	 0	578 176 594 784 	C0=19.392	C1=21.615
311	 1	388 5 611 878 	C0=18.596	C1=26.985
312	 0	486 286 601 668 	C0=18.626	C1=24.786
313	 1	537 30 604 859 	C0=17.72	C1=21.906
314	 1	402 282 604 814 	C0=28.453	C1=21.642
315	 0	382 29 602 869 	C0=22.675	C1=29.404
316	 1	351 303 601 714 	C0=9.43	C1=23.477
317	 0	507 68 601 896 	C0=22.536	C1=16.712
318	 1	442 0 604 709 	C0=18.502	C1=21.002
319	 1	578 226 604 892 	C0=25.411	C1=18.587
320	 0	461 234 610 764 	C0=19.541	C1=28.18
321	 1	349 0 604 890 	C0=17.18	C1=22.532
322	 0	469 310 588 680 	C0=29.131	C1=11.312
323	 0	548 208 605 642 	C0=28.506	C1=27.11
324	 1	534 205 604 659 	C0=11.787	C1=22.073
325	 1	437 331 604 616 	C0=10.569	C1=11.092
326	 0	515 196 611 845 	C0=20.341	C1=26.066
327	 0	364 291 594 694 	C0=19.056	C1=24.908
328	 0	532 280 601 840 	C0=21.619	C1=26.169
329	 0	411 309 610 727 	C0=18.835	C1=28.599
330	 0	338 203 598 908 	C0=10.609	C1=28.183
331	 0	450 210 600 646 	C0=23.563	C1=29.202
332	 1	535 238 600 758 	C0=22.405	C1=28.929
333	 1	439 54 604 709 	C0=24.186	C1=19.945
334	 0	392 139 599 631 	C0=26.929	C1=25.526
335	 1	405 295 604 800 	C0=28.655	C1=21.629
336	 1	384 232 604 754 	C0=28.132	C1=22.048
337	 1	426 76 604 709 	C0=25.122	C1=19.991
338	 1	439 195 604 717 	C0=25.804	C1=21.633
339	 1	369 302 604 656 	C0=27.006	C1=21.35
340	 0	578 202 601 908 	C0=14.607	C1=22.374
341	 1	345 268 601 798 	C0=22.181	C1=24.758
342	 0	438 169 614 848 	C0=18.948	C1=21.575
343	 1	416 71 587 898 	C0=29.419	C1=26.716
344	 1	445 107 601 709 	C0=18.392	C1=11.801
345	 1	347 87 601 818 	C0=22.376	C1=25.222
346	 0	494 194 594 798 	C0=23.962	C1=16.497
347	 0	579 126 606 733 	C0=30.0	C1=30.0
348	 1	498 72 604 807 	C0=28.715	C1=22.086
349	 1	520 314 604 841 	C0=27.663	C1=16.388
350	 0	366 107 600 727 	C0=18.31	C1=28.27
351	 1	384 195 604 698 	C0=27.148	C1=22.08
352	 0	381 196 594 767 	C0=25.489	C1=7.567
353	 0	526 104 604 771 	C0=20.015	C1=19.357
354	 0	440 266 612 672 	C0=28.078	C1=27.022
355	 1	454 258 604 626 	C0=26.418	C1=17.836
356	 0	570 61 602 637 	C0=22.409	C1=29.514
357	 0	490 234 605 881 	C0=24.511	C1=28.487
358	 0	487 227 599 668 	C0=22.449	C1=24.57
359	 0	438 142 605 831 	C0=22.034	C1=19.641
360	 0	526 190 600 771 	C0=17.419	C1=24.385
361	 0	565 193 594 619 	C0=24.788	C1=24.904
362	 1	572 66 601 709 	C0=19.567	C1=22.89
363	 0	370 80 614 854 	C0=24.895	C1=29.499
364	 0	491 1 601 723 	C0=21.635	C1=26.098
365	 0	526 261 601 774 	C0=22.106	C1=24.283
366	 1	454 201 599 668 	C0=22.9	C1=19.832
367	 0	451 170 613 907 	C0=6.377	C1=26.924
368	 0	472 23 615 627 	C0=29.536	C1=29.461
369	 0	578 227 594 875 	C0=23.999	C1=21.221
370	 1	537 286 601 709 	C0=17.255	C1=23.06
371	 0	367 153 588 805 	C0=29.203	C1=11.084
372	 0	480 0 610 781 	C0=15.148	C1=27.609
373	 1	377 196 604 844 	C0=10.858	C1=22.743
374	 0	417 262 611 842 	C0=19.951	C1=26.631
375	 1	351 198 604 821 	C0=10.044	C1=21.61
376	 0	507 271 605 641 	C0=28.198	C1=26.286
377	 0	359 287 591 739 	C0=29.054	C1=28.973
378	 1	379 84 604 868 	C0=28.035	C1=23.142
379	 0	380 25 605 721 	C0=28.603	C1=29.0
380	 0	364 171 594 826 	C0=19.125	C1=25.241
381	 0	470 182 600 722 	C0=22.831	C1=23.444
382	 1	443 55 604 690 	C0=27.602	C1=22.419
383	 0	507 51 599 836 	C0=18.928	C1=23.194
384	 0	518 229 611 738 	C0=19.27	C1=27.313
385	 0	360 263 600 658 	C0=23.182	C1=29.116
386	 1	430 35 604 850 	C0=27.527	C1=16.607
387	 0	409 216 598 719 	C0=13.46	C1=29.143
388	 0	558 24 614 901 	C0=24.446	C1=29.514
389	 1	354 198 604 803 	C0=18.681	C1=21.133
390	 1	434 179 594 655 	C0=24.303	C1=25.913
391	 0	454 198 601 872 	C0=18.572	C1=19.277
392	 0	557 12 599 868 	C0=26.563	C1=25.555
393	 0	427 297 600 790 	C0=22.909	C1=28.271
394	 0	507 39 601 799 	C0=21.236	C1=24.11
395	 1	487 225 599 844 	C0=24.919	C1=17.605
396	 1	494 103 601 818 	C0=14.87	C1=17.776
397	 0	427 202 611 784 	C0=15.205	C1=26.58
398	 0	368 292 600 751 	C0=23.067	C1=29.242
399	 1	406 140 604 812 	C0=24.815	C1=17.331
400	 0	421 50 601 709 	C0=19.717	C1=24.03
401	 1	510 246 604 764 	C0=27.323	C1=22.358
402	 0	421 0 600 880 	C0=15.077	C1=28.119
403	 0	539 165 599 709 	C0=23.663	C1=22.634
404	 0	488 112 596 828 	C0=29.033	C1=28.19
405	 0	538 253 611 709 	C0=17.891	C1=23.42
406	 0	338 182 611 668 	C0=18.263	C1=24.073
407	 0	343 15 599 718 	C0=26.731	C1=25.36
408	 1	526 146 611 707 	C0=19.337	C1=26.119
409	 0	526 242 599 774 	C0=25.083	C1=23.713
410	 1	351 0 608 862 	C0=6.752	C1=27.32
411	 1	578 180 604 709 	C0=24.359	C1=16.959
412	 0	582 180 601 709 	C0=11.941	C1=21.875
413	 1	359 286 601 709 	C0=20.303	C1=23.343
414	 1	364 130 604 709 	C0=20.097	C1=20.407
415	 1	485 168 604 870 	C0=28.662	C1=21.555
416	 0	569 101 602 853 	C0=22.356	C1=29.187
417	 1	365 297 599 786 	C0=25.717	C1=25.741
418	 0	362 43 611 679 	C0=20.179	C1=26.797
419	 1	472 249 587 689 	C0=29.275	C1=29.43
420	 0	517 18 600 863 	C0=23.82	C1=25.195
421	 1	568 138 604 859 	C0=22.244	C1=21.885
422	 0	422 160 589 709 	C0=23.634	C1=22.309
423	 1	357 293 614 626 	C0=23.807	C1=27.169
424	 1	578 226 604 895 	C0=27.358	C1=17.731
425	 1	454 313 604 709 	C0=24.862	C1=12.611
426	 0	513 98 596 770 	C0=28.847	C1=28.165
427	 0	567 143 599 709 	C0=23.674	C1=22.614
428	 1	398 265 604 765 	C0=27.632	C1=22.621
429	 1	512 317 604 702 	C0=28.78	C1=21.087
430	 0	578 197 613 709 	C0=23.934	C1=18.111
431	 0	585 325 601 709 	C0=19.688	C1=22.634
432	 0	413 177 601 736 	C0=21.267	C1=26.418
433	 1	452 95 601 745 	C0=21.956	C1=26.091
434	 1	364 243 605 859 	C0=19.664	C1=28.027
435	 1	433 0 604 749 	C0=16.754	C1=22.719
436	 1	351 73 601 906 	C0=8.577	C1=25.55
437	 1	431 175 600 709 	C0=21.253	C1=24.48
438	 1	415 91 604 706 	C0=28.236	C1=21.318
439	 0	533 304 602 835 	C0=22.617	C1=29.51
440	 1	578 174 604 700 	C0=27.422	C1=17.331
441	 1	489 152 601 903 	C0=22.297	C1=25.947
442	 1	470 298 604 849 	C0=26.909	C1=20.771
443	 1	456 37 604 668 	C0=22.671	C1=22.1
444	 0	374 330 594 784 	C0=17.569	C1=24.497
445	 0	385 215 611 747 	C0=19.513	C1=22.789
446	 1	488 274 604 873 	C0=27.376	C1=15.863
447	 1	525 160 607 894 	C0=29.231	C1=16.579
448	 0	480 57 611 768 	C0=19.408	C1=26.347
449	 1	470 33 599 675 	C0=26.212	C1=24.987
450	 1	351 36 611 643 	C0=7.879	C1=24.859
451	 1	442 173 601 709 	C0=19.877	C1=23.201
452	 1	362 195 604 841 	C0=27.243	C1=22.519
453	 1	342 70 604 893 	C0=28.286	C1=22.165
454	 0	514 28 599 885 	C0=26.939	C1=25.888
455	 1	497 88 599 732 	C0=25.342	C1=24.628
456	 1	342 319 604 887 	C0=28.083	C1=21.948
457	 1	334 321 599 709 	C0=23.126	C1=23.005
458	 1	480 331 604 806 	C0=26.132	C1=20.078
459	 1	381 92 601 902 	C0=22.721	C1=6.302
460	 0	474 8 614 871 	C0=24.81	C1=29.24
461	 1	346 327 604 635 	C0=28.517	C1=22.227
462	 1	437 306 611 643 	C0=7.613	C1=9.938
463	 0	432 133 601 764 	C0=21.74	C1=26.299
464	 0	472 186 614 781 	C0=23.939	C1=28.739
465	 0	544 46 611 709 	C0=18.552	C1=23.631
466	 1	342 74 604 669 	C0=28.09	C1=21.714
467	 0	449 96 594 785 	C0=24.756	C1=25.421
468	 1	429 234 587 825 	C0=27.233	C1=29.169
469	 1	559 137 604 827 	C0=27.547	C1=21.71
470	 0	406 107 601 691 	C0=18.535	C1=18.197
471	 0	483 300 601 709 	C0=19.533	C1=22.512
472	 0	430 99 611 709 	C0=18.971	C1=19.112
473	 1	437 166 605 683 	C0=8.883	C1=9.729
474	 0	441 82 605 852 	C0=28.502	C1=29.079
475	 1	358 77 604 621 	C0=28.787	C1=21.23
476	 1	537 286 601 892 	C0=17.943	C1=25.004
477	 0	454 128 601 797 	C0=22.015	C1=18.926
478	 1	342 317 604 709 	C0=25.701	C1=21.161
479	 1	342 17 594 703 	C0=24.525	C1=24.489
480	 0	421 202 611 784 	C0=13.31	C1=26.367
481	 1	535 270 601 709 	C0=20.135	C1=24.129
482	 0	532 111 601 662 	C0=22.159	C1=26.075
483	 0	461 107 605 784 	C0=18.692	C1=27.503
484	 0	335 127 600 647 	C0=23.269	C1=29.294
485	 0	404 107 614 633 	C0=20.823	C1=27.42
486	 1	526 104 604 771 	C0=19.3	C1=19.998
487	 0	461 107 605 678 	C0=21.268	C1=27.895
488	 0	568 43 611 727 	C0=19.243	C1=26.916
489	 1	395 118 602 709 	C0=20.023	C1=24.47
490	 0	539 202 593 685 	C0=22.37	C1=26.885
491	 1	430 75 604 668 	C0=23.395	C1=17.816
492	 1	400 184 604 879 	C0=28.51	C1=21.544
493	 1	433 196 600 709 	C0=21.011	C1=24.352
494	 0	472 93 611 778 	C0=19.381	C1=25.64
495	 1	391 113 604 651 	C0=28.363	C1=21.955
496	 0	424 135 611 782 	C0=19.034	C1=27.023
497	 1	356 196 599 622 	C0=26.192	C1=25.349
498	 1	361 277 604 859 	C0=17.469	C1=23.378
499	 0	440 140 605 789 	C0=28.016	C1=27.37
500	 1	562 86 605 889 	C0=28.594	C1=26.134
501	 1	569 315 604 688 	C0=28.009	C1=21.882
502	 1	521 283 604 851 	C0=28.387	C1=4.436
503	 1	436 26 604 784 	C0=18.403	C1=22.543
504	 0	368 122 601 884 	C0=22.226	C1=26.434
505	 1	511 251 599 618 	C0=26.83	C1=25.186
506	 0	464 14 601 709 	C0=19.812	C1=22.868
507	 0	440 197 601 676 	C0=23.421	C1=23.619
508	 1	546 0 604 830 	C0=20.588	C1=22.503
509	 1	535 85 612 757 	C0=28.217	C1=28.495
510	 1	537 18 604 674 	C0=21.458	C1=21.371
511	 0	537 286 601 908 	C0=13.838	C1=25.325
512	 0	462 107 614 746 	C0=19.59	C1=28.254
513	 0	467 202 605 899 	C0=21.636	C1=27.77
514	 0	470 235 599 908 	C0=18.75	C1=25.208
515	 0	566 55 611 795 	C0=20.705	C1=26.135
516	 1	454 157 599 636 	C0=26.123	C1=18.844
517	 0	444 288 605 802 	C0=27.952	C1=28.414
518	 1	562 220 604 644 	C0=27.112	C1=21.036
519	 1	414 322 601 780 	C0=21.759	C1=26.306
520	 0	513 196 600 709 	C0=22.061	C1=24.504
521	 0	390 107 601 784 	C0=16.637	C1=26.182
522	 0	584 132 605 629 	C0=27.934	C1=14.284
523	 0	389 213 600 665 	C0=22.77	C1=29.135
524	 1	448 296 604 682 	C0=28.616	C1=21.714
525	 1	547 329 601 663 	C0=22.539	C1=26.068
526	 1	406 49 604 729 	C0=27.018	C1=15.373
527	 0	455 244 605 859 	C0=22.875	C1=27.002
528	 1	394 259 604 709 	C0=24.84	C1=19.521
529	 0	478 231 594 709 	C0=22.608	C1=22.658
530	 0	446 19 602 692 	C0=21.991	C1=29.253
531	 1	445 282 594 709 	C0=23.701	C1=13.307
532	 0	417 31 602 882 	C0=23.083	C1=29.274
533	 0	487 182 605 881 	C0=25.319	C1=23.901
534	 0	513 276 600 709 	C0=22.039	C1=24.794
535	 1	581 208 604 820 	C0=28.563	C1=20.477
536	 1	426 67 604 693 	C0=27.857	C1=20.583
537	 1	383 0 604 686 	C0=22.188	C1=22.507
538	 0	509 286 601 709 	C0=19.184	C1=22.918
539	 1	457 204 614 888 	C0=10.977	C1=28.569
540	 0	578 226 612 709 	C0=24.96	C1=20.414
541	 1	523 161 604 709 	C0=25.068	C1=19.56
542	 1	463 107 604 709 	C0=19.346	C1=20.528
543	 1	341 154 604 844 	C0=26.821	C1=21.726
544	 0	398 265 602 640 	C0=23.176	C1=28.554
545	 1	482 100 611 735 	C0=4.165	C1=26.833
546	 1	342 301 599 740 	C0=27.114	C1=25.195
547	 0	509 227 614 697 	C0=23.835	C1=27.314
548	 0	406 107 601 709 	C0=18.038	C1=18.018
549	 1	445 211 600 708 	C0=23.487	C1=10.538

