1	0
2	1
3	0
4	0
5	0
6	0
7	0
8	1
9	0
10	0
11	1
12	0
13	0
14	1
15	1
16	1
17	0
18	1
19	1
20	0
21	0
22	1
23	0
24	1
25	1
26	0
27	0
28	1
29	1
30	1
31	1
32	0
33	0
34	0
35	0
36	0
37	0
38	1
39	1
40	1
41	0
42	0
43	1
44	0
45	0
46	0
47	1
48	1
49	1
50	0
51	0
52	0
53	0
54	1
55	0
56	0
57	0
58	1
59	0
60	0
61	0
62	1
63	0
64	1
65	1
66	0
67	1
68	1
69	0
70	0
71	1
72	0
73	0
74	0
75	1
76	1
77	1
78	1
79	1
80	1
81	0
82	0
83	0
84	0
85	1
86	0
87	1
88	0
89	0
90	1
91	1
92	1
93	0
94	1
95	0
96	1
97	1
98	1
99	1
100	0
101	1
102	0
103	1
104	0
105	1
106	1
107	0
108	1
109	1
110	0
111	1
112	0
113	0
114	1
115	1
116	0
117	1
118	1
119	1
120	0
121	1
122	1
123	0
124	1
125	1
126	1
127	1
128	1
129	0
130	1
131	1
132	0
133	1
134	0
135	1
136	0
137	1
138	1
139	1
140	1
141	1
142	0
143	1
144	0
145	0
146	1
147	1
148	0
149	0
150	1
151	1
152	1
153	1
154	0
155	0
156	0
157	0
158	0
159	1
160	0
161	0
162	0
163	0
164	0
165	1
166	0
167	1
168	1
169	0
170	1
171	0
172	1
173	1
174	0
175	0
176	0
177	0
178	0
179	0
180	0
181	1
182	1
183	0
184	0
185	1
186	1
187	0
188	1
189	0
190	1
191	0
192	1
193	0
194	0
195	0
196	0
197	1
198	1
199	1
200	1
201	1
202	0
203	1
204	1
205	0
206	1
207	0
208	1
209	0
210	1
211	1
212	1
213	1
214	1
215	1
216	0
217	1
218	0
219	1
220	0
221	0
222	0
223	0
224	1
225	0
226	1
227	0
228	0
229	0
230	0
231	1
232	0
233	0
234	0
235	0
236	0
237	0
238	0
239	0
240	0
241	1
242	0
243	1
244	1
245	1
246	0
247	0
248	1
249	0
250	1
251	1
252	1
253	1
254	0
255	1
256	1
257	1
258	1
259	0
260	0
261	0
262	1
263	1
264	1
265	1
266	1
267	0
268	0
269	1
270	1
271	0
272	1
273	1
274	0
275	1
276	1
277	1
278	0
279	0
280	1
281	0
282	0
283	0
284	0
285	1
286	1
287	1
288	1
289	1
290	0
291	1
292	0
293	1
294	0
295	1
296	0
297	1
298	0
299	0
300	1
301	0
302	1
303	1
304	0
305	1
306	0
307	1
308	1
309	1
310	1
311	0
312	0
313	0
314	0
315	0
316	1
317	0
318	0
319	1
320	0
321	0
322	0
323	1
324	1
325	1
326	0
327	1
328	0
329	0
330	0
331	0
332	1
333	0
334	1
335	1
336	0
337	1
338	1
339	1
340	0
341	1
342	0
343	0
344	0
345	1
346	0
347	1
348	1
349	1
350	1
351	1
352	1
353	1
354	0
355	1
356	0
357	1
358	0
359	0
360	0
361	0
362	1
363	1
364	0
365	1
366	0
367	1
368	1
369	0
370	0
371	1
372	0
373	1
374	0
375	1
376	0
377	0
378	1
379	1
380	1
381	0
382	0
383	0
384	1
385	0
386	1
387	1
388	1
389	1
390	0
391	1
392	1
393	1
394	0
395	0
396	1
397	0
398	0
399	0
400	0
401	1
402	0
403	0
404	0
405	1
406	0
407	1
408	0
409	0
410	0
411	1
412	0
413	1
414	0
415	1
416	0
417	1
418	0
419	0
420	1
421	0
422	1
423	0
424	0
425	1
426	0
427	0
428	1
429	1
430	1
431	1
432	1
433	0
434	1
435	0
436	1
437	0
438	0
439	0
440	0
441	1
442	1
443	0
444	1
445	1
446	1
447	1
448	0
449	1
450	0
451	0
452	1
453	1
454	0
455	0
456	1
457	0
458	0
459	0
460	0
461	1
462	0
463	0
464	1
465	0
466	1
467	1
468	0
469	0
470	0
471	1
472	1
473	1
474	0
475	1
476	1
477	1
478	0
479	1
480	0
481	1
482	1
483	0
484	1
485	0
486	0
487	0
488	1
489	1
490	0
491	1
492	1
493	1
494	0
495	0
496	0
497	0
498	1
499	1
500	0
