1	0
2	0
3	0
4	1
5	1
6	1
7	1
8	1
9	1
10	1
11	1
12	1
13	0
14	1
15	0
16	0
17	0
18	0
19	1
20	0
21	1
22	1
23	1
24	0
25	0
26	1
27	0
28	0
29	1
30	1
31	0
32	0
33	1
34	0
35	1
36	1
37	1
38	1
39	1
40	0
41	0
42	1
43	0
44	0
45	1
46	0
47	1
48	0
49	0
50	0
51	1
52	0
53	0
54	1
55	0
56	0
57	1
58	1
59	1
60	1
61	0
62	0
63	1
64	1
65	1
66	0
67	1
68	1
69	1
70	1
71	1
72	1
73	1
74	0
75	1
76	1
77	1
78	0
79	0
80	0
81	1
82	0
83	1
84	1
85	1
86	0
87	0
88	1
89	0
90	1
91	1
92	0
93	0
94	0
95	0
96	1
97	0
98	0
99	1
100	1
101	1
102	1
103	0
104	0
105	0
106	1
107	1
108	1
109	1
110	1
111	1
112	1
113	0
114	0
115	1
116	1
117	0
118	1
119	0
120	0
121	1
122	1
123	1
124	0
125	1
126	0
127	1
128	0
129	0
130	1
131	1
132	0
133	1
134	0
135	0
136	0
137	1
138	1
139	1
140	1
141	1
142	0
143	0
144	0
145	0
146	1
147	1
148	1
149	0
150	1
151	0
152	0
153	1
154	1
155	0
156	0
157	1
158	0
159	0
160	1
161	1
162	1
163	0
164	1
165	0
166	0
167	1
168	0
169	0
170	0
171	1
172	1
173	0
174	0
175	0
176	1
177	1
178	0
179	1
180	1
181	0
182	1
183	0
184	0
185	0
186	0
187	1
188	0
189	1
190	1
191	0
192	1
193	0
194	1
195	1
196	0
197	0
198	0
199	0
200	0
201	1
202	1
203	1
204	1
205	1
206	0
207	0
208	1
209	1
210	0
211	0
212	1
213	1
214	0
215	0
216	1
217	1
218	1
219	1
220	1
221	0
222	1
223	1
224	1
225	1
226	0
227	1
228	0
229	1
230	1
231	1
232	0
233	0
234	1
235	0
236	1
237	0
238	1
239	0
240	1
241	1
242	1
243	0
244	1
245	0
246	0
247	0
248	1
249	1
250	1
251	1
252	1
253	0
254	0
255	1
256	1
257	1
258	0
259	1
260	1
261	1
262	1
263	1
264	0
265	0
266	1
267	0
268	0
269	1
270	1
271	0
272	0
273	0
274	0
275	1
276	1
277	1
278	0
279	1
280	1
281	1
282	0
283	0
284	1
285	0
286	1
287	1
288	0
289	0
290	1
291	0
292	0
293	0
294	0
295	0
296	0
297	1
298	0
299	1
300	0
301	0
302	1
303	0
304	0
305	1
306	0
307	0
308	0
309	0
310	0
311	1
312	1
313	0
314	0
315	1
316	0
317	0
318	1
319	0
320	1
321	0
322	0
323	0
324	1
325	1
326	1
327	1
328	1
329	1
330	1
331	0
332	1
333	0
334	0
335	0
336	0
337	0
338	1
339	1
340	0
341	1
342	0
343	0
344	0
345	1
346	1
347	0
348	0
349	0
350	1
351	0
352	0
353	1
354	0
355	1
356	0
357	0
358	0
359	1
360	1
361	0
362	1
363	1
364	1
365	1
366	1
367	0
368	1
369	1
370	0
371	1
372	0
373	1
374	0
375	0
376	1
377	1
378	0
379	1
380	0
381	0
382	1
383	0
384	1
385	0
386	0
387	1
388	1
389	0
390	0
391	1
392	0
393	1
394	0
395	0
396	1
397	1
398	0
399	0
400	0
401	1
402	0
403	1
404	1
405	1
406	1
407	0
408	1
409	0
410	1
411	0
412	0
413	1
414	1
415	1
416	1
417	0
418	0
419	1
420	1
421	0
422	1
423	0
424	0
425	0
426	1
427	0
428	0
429	0
430	1
431	0
432	0
433	1
434	0
435	0
436	1
437	1
438	0
439	0
440	0
441	1
442	0
443	1
444	0
445	0
446	1
447	1
448	0
449	1
450	1
451	1
452	0
453	1
454	0
455	0
456	1
457	1
458	0
459	0
460	0
461	1
462	0
463	0
464	0
465	1
466	1
467	1
468	0
469	1
470	0
471	1
472	0
473	1
474	0
475	0
476	1
477	1
478	0
479	1
480	1
481	0
482	0
483	1
484	1
485	1
486	0
487	1
488	1
489	1
490	0
491	1
492	0
493	0
494	1
495	1
496	0
497	1
498	0
499	0
500	0
